912
965
107
368
818
848
203
275
121
337
800
754
442
28
712
215
889
505
794
800
90
638
843
524
709
642
996
581
257
985
39
394
472
377
994
945
340
840
467
575
574
436
880
771
602
896
601
533
729
79
411
747
695
946
407
262
831
68
397
820
544
550
540
219
105
358
125
816
719
836
752
104
687
309
473
398
237
334
324
477
111
31
488
54
592
796
76
455
365
809
164
995
127
183
994
681
791
631
456
577
86
227
132
827
448
373
691
776
884
477
838
479
877
491
805
139
604
245
450
646
691
782
962
64
756
705
778
919
130
451
488
548
935
540
535
343
667
398
186
733
62
484
436
451
459
725
918
971
773
867
711
112
968
244
96
251
901
404
374
796
20
191
1
291
696
737
220
286
196
754
619
798
863
762
761
254
304
363
610
346
151
388
939
963
9
983
475
809
984
828
242
480
496
494
246
557
947
817
71
902
888
270
913
231
415
245
669
714
128
6
151
383
805
660
533
632
730
726
466
982
784
742
121
293
380
246
967
907
559
572
518
504
52
336
72
822
123
781
431
993
762
584
615
656
200
733
773
138
164
985
591
52
923
206
221
96
423
500
940
634
7
970
903
451
741
717
674
918
969
602
853
113
513
745
882
884
550
112
789
560
239
111
153
153
664
902
829
342
334
454
71
44
54
764
698
529
864
289
986
396
72
361
377
592
169
436
96
916
603
857
398
479
981
292
533
166
434
745
28
86
462
979
888
99
129
497
318
444
113
547
706
419
946
584
470
299
195
374
464
760
560
843
869
408
6
563
371
841
201
831
894
925
478
317
663
838
886
951
222
402
352
624
391
453
306
12
647
608
97
634
281
921
715
71
275
506
366
266
69
970
698
202
617
861
285
7
106
549
723
284
684
750
672
488
11
919
688
805
5
105
172
40
785
890
126
547
926
627
526
301
562
738
371
412
973
666
206
833
269
603
245
358
251
53
125
776
283
653
155
689
811
937
119
53
263
126
372
270
592
78
762
786
292
311
449
4
926
511
54
279
756
793
8
115
611
410
842
235
942
333
851
295
51
459
946
459
936
320
60
954
179
298
492
506
289
257
62
533
994
654
804
310
394
818
44
915
64
901
731
409
733
959
162
629
558
369
767
218
601
667
668
947
114
53
907
620
656
197
671
43
957
204
11
682
404
640
250
764
326
459
37
942
537
155
751
955
338
353
350
461
31
444
969
797
994
843
267
299
9
837
482
55
491
983
54
205
459
168
156
367
563
456
153
262
887
131
994
96
165
92
595
449
195
183
303
236
692
390
103
855
95
919
626
855
939
960
938
201
780
31
658
474
926
96
533
251
43
698
468
740
26
605
241
746
831
1000
268
15
837
110
934
924
609
817
412
209
471
846
798
727
724
83
470
316
87
981
359
740
341
786
378
215
487
137
313
195
841
31
489
395
564
411
183
754
420
407
868
18
696
345
448
367
601
239
699
10
479
656
190
554
472
533
454
159
706
468
229
530
902
628
488
563
593
615
956
893
409
826
2
129
907
778
517
393
446
882
741
515
301
213
763
753
952
590
406
166
796
783
901
659
487
920
704
605
658
413
272
128
361
262
925
422
184
3
522
117
101
20
944
454
741
617
90
951
414
512
605
731
887
233
921
227
787
712
713
183
253
688
136
112
991
485
435
565
532
306
235
141
133
723
361
704
740
142
465
260
259
614
187
782
600
407
914
596
248
223
377
782
947
30
604
372
673
562
655
933
380
352
13
466
459
873
493
629
945
18
302
557
182
386
406
890
607
785
174
568
704
932
938
154
429
999
544
469
18
254
26
842
863
100
563
368
467
203
101
618
188
117
32
312
117
682
659
669
190
964
677
433
895
949
377
206
390
893
891
417
277
537
849
391
737
154
845
566
767
499
804
95
185
948
194
25
513
683
939
215
661
149
681
443
690
112
898
953
303
247
334
865
599
185
146
573
540
857
547
536
657
223
582
191
5
684
939
397
663
288
735
362
750
708
9
325
922
164
325
949
998
238
676
502
399
887
404
409
348
552
536
270
308
903
513
847
845
533
276
513
114
218
537
549
753
923
144
66
453
707
809
971
939
658
842
231
228
625
567
99
813
25
972
900
831
65
31
43
576
276
832
461
66
229
620
520
495
425
659
500
134
183
912
52
391
760
561
514
134
470
207
165
261
990
386
496
676
75
900
905
553
918
782
328
570
268
132
54
67
315
74
539
544
173
97
78
279
659
347
108
813
315
992
634
622
387
795
441
684
149
942
544
626
299