155
771
749
499
215
748
14
980
392
380
359
504
908
870
540
420
50
833
765
146
217
62
222
385
644
232
754
711
44
461
445
65
806
741
744
584
682
435
715
18
589
160
952
98
864
936
163
157
534
142
385
969
608
817
404
900
373
281
856
872
543
27
48
458
166
991
188
423
771
873
739
917
750
720
862
328
951
626
34
206
289
178
185
675
645
555
903
414
830
823
558
993
183
559
769
226
640
81
891
86
400
595
214
552
253
569
587
951
494
732
653
755
782
729
824
817
413
728
730
861
477
398
286
836
137
121
581
125
366
8
239
365
489
127
114
929
944
318
65
675
701
103
329
264
212
989
730
801
236
184
819
112
311
429
426
137
15
272
180
428
487
19
514
19
477
449
686
648
108
903
703
41
565
494
896
474
278
848
91
416
546
405
919
917
641
710
918
885
273
890
51
858
586
467
950
714
477
66
159
13
950
89
187
93
426
473
706
806
849
452
943
395
127
838
48
162
706
495
937
224
806
114
547
662
869
163
663
835
992
679
611
33
637
378
921
431
52
619
527
133
579
399
9
708
34
392
38
287
482
55
447
920
949
61
290
678
682
304
567
955
710
54
563
166
805
118
451
242
180
221
980
333
940
871
636
188
382
942
659
373
998
616
394
446
9
378
77
894
746
979
598
69
507
609
894
285
37
179
225
945
431
233
894
302
538
836
868
696
445
547
988
941
43
898
633
934
178
178
850
100
40
93
697
909
663
889
480
327
607
545
904
213
561
187
297
412
642
753
638
213
482
411
641
758
751
613
261
865
511
416
217
605
734
113
241
410
874
376
542
764
558
103
285
82
785
362
735
121
363
772
991
267
38
530
63
156
120
278
178
508
424
240
973
496
91
173
918
23
348
208
70
546
3
246
481
149
743
66
878
73
103
499
793
832
106
924
50
763
193
508
537
901
675
125
538
697
129
570
602
557
208
530
243
503
543
963
919
527
216
725
239
338
969
913
167
628
451
542
559
609
31
576
131
863
974
771
924
345
931
686
457
810
811
412
411
648
690
845
472
552
251
897
305
572
881
597
996
495
829
833
385
821
408
700
360
667
659
691
49
921
44
684
740
786
625
763
595
52
945
91
280
968
230
725
539
571
70
20
763
349
282
418
872
30
151
351
402
555
860
329
596
210
712
279
772
797
649
846
324
910
923
921
71
967
116
148
832
221
415
237
888
153
339
97
491
443
820
652
752
555
94
790
156
212
304
953
944
708
979
623
699
122
824
233
715
102
987
913
951
529
960
82
229
842
711
534
202
92
333
23
974
684
378
66
153
916
849
979
648
598
696
994
364
138
453
846
436
665
554
328
435
178
48
469
761
784
157
983
931
937
192
114
795
903
902
775
121
373
503
405
683
761
175
859
882
929
917
900
299
320
975
824
42
483
134
486
684
374
258
618
502
625
275
620
251
900
250
882
713
191
576
199
257
132
266
79
254
263
371
771
997
981
403
864
534
431
499
192
411
446
11
412
916
1
301
529
399
447
133
519
565
907
644
422
386
126
550
455
589
544
631
937
946
333
347
958
7
66
113
651
154
446
395
680
65
310
491
867
750
189
136
58
546
175
774
124
326
297
625
430
375
203
216
785
436
30
53
985
957
288
560
434
945
16
460
982
721
892
186
218
26
946
428
896
61
308
884
359
371
684
81
513
341
313
664
689
68
176
761
512
738
398
939
497
912
198
695
463
438
269
129
430
983
167
714
5
387
470
929
512
565
42
701
686
507
851
831
634
807
698
621
8
423
170
683
56
693
23
606
848
231
824
907
26
720
253
373
120
778
912
699
786
230
275
475
124
199
378
523
414
573
133
980
403
661
699
712
607
442
89
27
189
134
727
210
861
902
409
463
499
820
749
115
569
697
740
934
877
879
633
269
975
690
376
434
524
52
438
548
154
474
268
279
11
356
756
773
205
768
646
669
248
859
378
108
491
545
295
519
526
876
941
400
891
720
977
287
869
702
118
343
932
751
110
636
337
718
712
759
16
940
592
456
974
751
172
889
456
295
755
442
417
561
675
793
28
785
879
507
412
685
233
39
377
664
221
487
521
762
647
442
214
133
993
360
73
206
428
800
331
278
739
450
553
720
886
193
358
876
314
254
191
209
460
568
434
839
622
751
432
704
603
137
547
50
476
357
503
166
762
786
899
978
967
890
422
339
463
471
471
54
776
641
892
978
260
345
204
767
941
565
100
177
679
797
752
158
655
949
513
739
800
29
757
138
826
390
303
163
506