248
886
327
10
876
66
436
885
43
249
236
338
430
433
9
858
717
310
39
836
563
397
889
978
764
457
755
789
24
232
390
44
944
414
181
814
237
666
968
964
75
308
176
25
159
183
204
159
577
631
641
23
41
722
376
62
62
101
729
897
845
549
785
983
665
924
742
20
851
817
137
34
713
181
768
431
882
842
419
657
501
636
290
893
826
137
66
96
259
827
378
994
932
285
145
45
763
255
634
724
17
627
310
835
631
50
727
544
104
240
382
264
592
376
399
37
702
302
584
202
873
856
528
818
776
51
826
443
306
133
224
115
191
855
356
688
967
774
427
832
348
280
744
888
82
778
608
392
100
475
767
541
294
573
590
467
182
161
49
586
415
886
172
586
31
409
122
84
621
638
361
418
771
284
797
661
558
367
621
923
668
123
519
795
391
822
23
150
651
927
84
263
964
476
754
532
90
107
486
891
333
662
170
116
80
376
86
570
567
36
751
568
520
892
807
672
5
133
65
177
721
121
201
319
564
188
394
73
659
813
972
207
648
392
15
836
159
759
511
424
437
515
1
650
333
142
67
479
452
785
630
565
550
132
122
878
487
582
16
245
162
278
51
672
453
226
861
256
487
568
412
860
233
501
60
921
398
957
741
828
182
85
330
442
474
14
407
66
666
745
88
211
415
613
526
802
993
225
905
947
465
592
995
233
828
185
764
990
934
555
653
774
317
309
865
654
55
570
892
474
582
513
906
862
800
357
819
96
795
143
532
813
935
456
326
418
81
673
241
156
624
484
863
28
255
872
696
418
598
51
616
226
535
933
151
476
721
895
205
75
774
521
729
730
101
912
133
694
730
401
851
726
26
590
636
765
62
263
703
887
79
319
44
410
395
510
912
947
799
755
280
721
317
877
935
966
574
872
553
598
150
978
412
165
996
394
293
785
447
458
278
513
805
875
993
232
531
184
307
701
801
942
64
604
266
109
979
707
996
562
326
696
539
179
300
78
633
207
815
924
955
16
765
319
495
467
196
145
266
142
888
311
628
778
524
899
336
60
835
85
304
79
525
407
140
426
414
187
558
779
45
650
229
889
801
763
671
197
888
412
30
555
816
327
874
777
988
227
155
813
860
416
111
854
754
200
969
978
721
244
865
281
314
923
459
496
759
544
861
237
228
773
266
253
59
240
371
497
868
911
617
401
440
382
359
220
393
596
341
673
901
101
374
78
676
340
863
123
342
882
904
430
974
761
949
27
741
263
125
927
380
576
621
433
47
698
598
935
492
76
252
876
950
646
64
78
682
27
413
863
797
401
372
172
106
470
525
982
266
879
86
602
409
191
875
13
15
502
699
910
317
485
219
582
834
24
785
709
832
776
239
146
851
905
25
380
529
266
156
942
922
452
761
574
501
19
181
734
728
132
890
903
459
587
380
871
858
570
208
86
427
112
3
409
642
74
941
838
544
476
382
564
474
222
594
922
551
656
471
251
816
324
938
696
213
858
191
627
13
41
560
738
537
927
938
35
601
964
626
307
612
382
323
367
660
759
760
737
316
955
734
772
810
941
726
426
633
696
917
790
35
482
821
534
428
28
837
551
46
384
49
255
49
379
981
112
118
73
166
457
331
145
128
776
631
834
368
287
359
677
390
237
927
461
519
226
80
430
957
157
815
139
274
64
340
474
391
385
577
114
171
622
250
414
713
890
358
671
485
389
362
569
256
428
281
481
541
489
436
266
344
470
926
650
630
356
568
266
636
679
277
140
428
920
442
319
346
934
598
630
92
439
577
943
574
886
4
390
455
187
120
790
401
899
191
871
112
902
499
813
341
320
430
456
267
670
444
570
596
18
563
93
788
744
976
655
400
599
779
966
990
352
453
673
715
621
199
803
21
831
42
373
60
597
371
448
845
651
582
598
872
804
321
991
559
251
434
983
742
553
995
183
715
863
173
542
213
84
221
992
169
814
839
9
50
686
884
412
888
415
35
532
703
340
396
658
261
257
459
285
463
215
260
634
584
669
35
60
489
456
852
296
60
800
203
204
850
210
248
236
932
638
435
344
83
508
980
624
603
452
180
988
942
745
386
805
965
782
725
332
24
336
581
135
719
794
579
317
67
504
630
151
625
485
542
946
644
354
374
178
302
955
600
229
796
549
35
551
8
716
290
827
919
979
212
621
139
105
726
335
433
882
790
257
524
557
88
590
325
355
650
33
308
698
674
532
606
343
441
221
652
763
933
156
42
327
459
466
599
82
636
661
389
948
689
738
186
621
692
309