49
946
63
231
233
643
522
314
911
830
420
879
722
234
37
847
282
463
865
893
622
482
828
833
226
473
242
526
210
693
752
592
769
235
135
596
982
120
473
311
475
176
24
331
750
235
566
249
679
870
977
528
877
980
53
918
630
202
789
252
85
662
68
252
418
520
252
553
816
73
623
165
327
114
172
689
705
797
5
773
989
626
987
259
44
114
885
678
19
732
412
763
795
612
195
606
523
642
9
66
92
885
389
293
727
228
875
397
256
57
59
263
404
935
866
596
674
753
332
201
141
526
440
737
861
550
66
477
894
46
396
360
511
469
324
963
809
75
737
233
418
949
611
847
789
332
994
136
759
288
854
168
826
79
899
242
710
400
980
249
885
35
310
818
13
688
637
765
478
151
162
549
602
578
456
98
603
372
479
364
512
377
15
893
104
698
913
589
325
559
752
114
882
782
167
753
622
168
365
185
315
593
173
758
46
382
114
2
864
383
798
645
259
222
749
264
610
248
707
386
959
130
901
402
972
96
318
394
452
342
475
296
204
858
998
199
849
510
820
940
834
464
206
926
840
822
898
296
717
489
375
571
707
390
915
24
258
464
904
916
525
210
902
262
230
642
680
804
824
845
187
213
496
225
324
795
909
298
940
227
375
500
808
796
539
614
200
210
215
157
374
358
435
723
107
438
152
564
281
1
460
454
44
932
930
857
981
290
594
437
46
262
593
833
608
188
230
191
631
204
310
454
717
962
851
67
604
961
184
137
899
454
52
316
475
307
610
874
19
581
962
578
719
826
512
3
176
601
469
249
863
915
689
606
397
146
737
494
943
556
399
336
827
38
270
708
961
882
994
296
749
752
263
460
887
713
509
903
946
919
700
778
784
512
525
451
660
588
787
23
969
474
946
799
222
622
829
241
408
453
458
656
604
588
555
374
308
329
524
66
190
873
637
962
26
591
323
14
853
661
292
336
863
291
563
905
650
38
729
142
393
907
123
811
979
736
737
950
565
330
909
928
469
841
864
380
516
51
603
156
491
790
594
347
985
477
946
683
776
391
980
126
731
468
554
816
824
320
207
703
717
672
963
384
196
286
241
410
909
959
198
610
87
633
715
194
680
991
535
129
545
307
312
313
407
50
311
226
928
778
720
615
381
176
600
899
972
429
945
68
397
607
657
435
344
801
786
510
533
442
474
242
689
56
159
839
653
145
571
836
251
145
439
582
616
249
914
628
162
311
597
837
372
434
267
7
200
101
48
897
734
319
690
566
95
861
623
784
112
908
897
140
59
39
619
153
999
121
617
887
822
858
307
228
744
527
208
181
535
690
683
336
641
76
835
379
660
782
191
76
469
740
904
140
244
54
37
148
968
528
323
823
986
592
202
392
909
149
683
520
553
885
105
911
858
800
884
187
535
771
953
378
414
905
983
257
826
286
207
377
612
212
447
673
198
171
139
310
276
656
993
885
531
502
355
43
538
153
833
585
198
397
655
380
362
181
900
685
342
844
936
576
46
626
714
377
597
727
410
802
265
483
668
380
709
815
94
786
612
660
217
502
386
175
806
760
454
723
428
464
221
949
268
963
733
865
609
293
624
381
462
65
470
399
541
824
992
801
709
743
562
904
144
323
660
458
779
641
985
553
899
48
802
916
695
792
324
338
761
455
690
35
921
805
925
989
857
776
858
907
94
480
135
229
174
675
420
864
971
270
636
693
566
270
61
162
870
265
373
587
476
966
467
433
391
325
231
487
545
435
840
222
290
451
323
686
117
114
871
989
42
738
488
899
976
138
830
36
76
74
969
337
104
261
474
556
67
240
413
562
751
976
389
315
479
308
425
326
36
363
211
195
856
309
82
911
476
785
85
492
116
56
63
795
974
79
763
722
512
855
453
844
873
930
686
154
479
555
157
398
88
13
498
415
840
989
750
770
654
821
564
956
878
556
989
620
657
476
690
1000
539
367
15
730
657
420
299
6
363
707
298
238
559
852
674
747
546
2
620
528
796
410
316
646
664
832
645
876
387
256
872
932
405
482
920
490
713
410
516
555
223
919
920
710
24
915
487
692
449
678
120
796
795
993
613
639
871
968
205
706
114
799
451
850
565
828
850
976
249
476
941
184
349
23
568
515
280
974
466
155
835
170
662
116
15
500
186
882
844
714
885
202
618
481
228
598
35
906
1
328
872
815
872
806
653
160
868
206
435
486
276
261
695
570
74
296
540
336
763
733
340
11
846
981
698
938
113
43
65
441
428
86
187
840
688
928
176
438
401
55