596
393
428
132
122
754
436
182
102
707
395
257
923
612
615
685
34
743
212
51
983
612
910
722
375
56
680
754
432
726
669
294
900
810
617
811
467
17
846
840
601
774
206
468
774
613
396
599
208
891
44
637
820
32
139
737
638
800
458
97
767
374
536
908
455
800
537
77
4
91
765
843
172
409
69
46
810
311
875
200
756
691
157
167
299
706
351
202
357
452
694
99
715
895
33
487
846
623
53
66
178
820
111
711
522
855
161
473
267
352
614
965
531
663
702
153
396
608
762
992
590
383
870
511
530
706
512
212
311
65
352
252
441
408
20
638
800
377
879
33
855
511
629
120
659
903
640
248
733
764
47
148
879
110
583
699
874
918
835
381
311
740
96
430
60
920
581
945
723
759
986
151
586
626
454
828
963
833
702
18
531
582
297
159
951
516
37
507
573
372
340
40
22
592
235
465
891
300
885
12
436
76
721
157
260
515
886
229
423
83
410
831
413
772
849
369
878
752
314
447
419
138
798
244
824
414
745
704
106
544
74
553
546
802
223
782
381
740
972
916
193
730
954
773
135
699
267
126
288
186
299
381
363
606
71
710
81
60
30
886
994
217
18
589
664
585
757
283
426
68
997
273
608
968
271
305
778
606
715
677
845
917
789
699
140
497
972
504
469
949
189
15
876
523
174
380
983
581
140
790
830
748
960
123
314
692
145
310
366
996
545
109
220
216
767
569
653
585
490
8
254
710
114
337
701
514
765
781
477
598
234
4
316
762
173
654
440
562
980
729
612
906
256
795
709
988
731
991
614
449
699
828
63
82
61
939
385
626
782
113
564
748
430
748
660
480
79
115
449
708
508
124
654
591
755
356
142
191
13
753
249
153
270
166
55
813
448
151
518
717
254
988
87
104
878
497
21
253
33
939
249
676
956
173
838
999
850
74
614
46
877
455
656
772
501
836
453
726
995
370
276
607
731
834
620
235
958
946
18
811
123
579
166
277
600
881
706
552
908
588
53
550
436
915
876
155
658
488
662
158
352
215
51
897
171
756
163
967
182
841
966
627
843
298
8
309
322
394
780
833
803
884
126
775
586
955
144
704
577
546
505
128
270
408
114
638
659
815
839
988
480
929
364
872
690
356
543
137
811
738
477
550
453
624
811
716
302
823
800
41
810
318
270
766
29
319
157
455
337
817
534
193
796
744
612
301
85
657
120
264
801
752
176
191
272
710
179
233
696
544
694
241
401
342
482
198
469
460
204
436
179
333
694
333
791
176
25
660
632
617
3
156
118
565
655
939
63
317
110
573
516
553
408
214
14
452
994
890
878
584
324
105
250
74
477
29
61
355
723
174
688
418
732
65
571
781
191
700
585
642
644
249
889
180
298
437
595
40
515
401
793
264
15
319
977
519
598
942
421
272
695
737
18
12
509
363
541
273
429
602
782
181
390
966
486
406
690
965
13
978
362
33
85
128
978
688
791
86
369
224
248
824
51
951
824
931
307
229
656
338
185
359
154
832
200
129
283
488
34
621
511
508
897
198
946
605
315
773
170
327
875
798
925
279
17
873
40
565
302
547
245
244
143
746
760
888
548
616
910
964
221
762
714
566
368
239
357
157
703
109
737
626
445
869
168
206
519
185
914
337
541
14
442
555
263
147
71
950
264
278
792
205
166
814
297
171
965
597
989
768
501
606
869
401
668
470
533
238
872
23
585
149
688
968
714
794
10
7
899
34
695
488
669
604
890
330
74
932
628
670
812
556
116
613
819
586
557
404
530
397
877
509
117
418
684
769
321
111
578
62
39
933
122
4
484
122
481
918
159
819
311
104
223
880
876
723
98
147
305
582
676
933
348
813
935
785
495
967
268
75
834
374
447
796
257
620
267
777
679
797
817
542
605
722
78
712
482
292
34
190
345
990
474
848
241
182
700
928
293
469
988
336
31
521
642
140
91
14
651
352
67
402
934
328
773
488
577
96
50
248
349
242
134
260
493
770
625
139
316
580
855
741
351
233
509
36
296
132
629
760
318
878
862
124
254
996
504
152
740
384
914
186
616
336
761
979
732
402
79
711
299
972
977
787
587
149
706
545
625
647
819
729
787
572
466
210
527
538
624
373
327
438
611
822
77
451
361
154
859
727
800
395
542
635
477
280
195
668
151
860
962
91
165
16
62
687
36
470
831
601
634
577
139
591
876
772
737
919
27
566
136
33
835
403
599
18
235
244
90
131
56
283
392
935
97
71
351
35
204
574
698
919
668
846
609
266
860
328
495
815