778
374
251
95
77
830
471
897
695
58
116
115
395
805
257
715
686
774
595
331
510
45
461
591
372
833
268
450
50
892
927
617
453
967
685
853
409
448
73
840
23
584
692
535
137
419
48
654
640
567
652
673
963
765
116
666
336
299
277
777
515
999
5
397
279
361
405
79
255
749
764
345
348
795
9
224
872
62
908
125
977
907
633
430
669
219
246
586
902
499
697
385
680
858
183
612
331
320
492
882
529
175
277
913
824
424
581
180
602
315
488
991
576
489
860
519
256
679
252
706
50
575
145
134
978
534
638
88
950
80
433
12
576
80
232
829
576
99
583
266
810
461
187
934
629
610
400
999
847
355
836
924
385
35
590
795
600
772
777
799
948
284
45
404
681
892
36
606
47
338
201
847
739
532
281
278
910
247
329
187
741
133
293
341
29
613
937
766
677
280
855
267
281
335
228
31
746
911
773
541
839
612
825
155
332
103
254
372
225
160
748
369
448
276
476
674
354
144
7
770
943
969
811
720
462
337
263
187
496
641
787
302
339
926
237
32
575
806
163
91
139
78
400
130
41
292
150
249
198
976
422
956
938
135
375
795
178
756
953
528
382
910
166
183
497
692
173
471
477
30
182
237
521
145
778
249
169
21
848
404
159
72
639
841
35
844
269
863
708
698
150
881
220
409
842
626
806
648
302
641
838
473
133
304
534
820
320
809
376
367
987
215
547
411
972
108
828
703
629
536
641
353
280
724
786
145
372
939
95
631
543
777
592
747
908
896
118
422
425
876
641
349
191
764
550
124
880
920
57
325
709
854
486
601
298
892
627
975
280
548
326
587
446
799
305
562
894
376
981
271
497
925
599
377
585
391
737
576
210
699
801
547
270
992
516
453
698
372
534
219
19
46
80
836
552
423
610
76
696
592
230
302
552
76
518
300
595
761
350
939
449
871
387
150
612
236
499
670
485
619
625
661
397
770
886
689
8
241
904
829
967
184
640
931
146
628
47
451
790
876
357
331
575
311
142
43
579
703
672
369
893
801
524
471
852
797
244
681
737
75
88
701
737
548
805
396
757
981
348
268
57
505
391
345
971
666
539
729
461
561
447
574
223
563
78
643
679
383
53
953
149
44
771
544
333
891
626
664
594
348
966
641
393
119
434
290
487
164
251
239
579
46
145
484
116
653
280
111
765
690
692
448
112
475
48
412
361
961
337
691
544
631
389
26
879
328
866
527
209
870
703
407
389
799
149
351
197
416
575
871
759
413
907
142
483
50
236
950
393
160
508
492
996
611
256
164
589
389
534
876
129
981
601
73
10
95
642
894
634
779
60
7
613
881
84
760
328
761
671
407
45
409
6
662
988
658
419
84
79
18
156
71
235
297
465
684
885
536
694
410
85
13
31
850
143
988
548
325
921
171
788
569
358
359
39
280
346
331
417
782
139
810
918
326
38
268
120
936
478
649
108
768
576
677
600
402
606
344
515
536
930
396
717
733
127
941
914
985
199
530
47
772
255
485
431
865
438
253
565
242
842
768
237
815
50
87
214
893
600
954
84
475
337
78
245
114
832
235
532
667
857
731
325
891
99
856
483
801
391
452
180
262
288
784
535
248
260
61
603
426
87
875
996
434
755
690
635
346
613
173
615
588
60
498
47
613
308
521
888
7
751
49
301
871
835
637
979
651
758
803
810
930
932
469
216
796
577
426
139
774
440
374
593
950
267
526
496
73
971
167
105
750
17
630
856
67
317
334
761
818
700
783
518
323
80
980
744
393
6
38
634
898
933
496
531
881
445
226
254
365
914
866
339
458
931
948
335
608
728
509
386
668
742
204
427
422
878
133
485
445
817
842
628
34
159
584
543
355
319
665
300
586
629
69
466
799
87
725
560
367
220
974
171
547
605
441
140
204
877
206
940
543
205
842
508
209
663
778
181
357
388
920
134
36
475
712
966
832
960
467
658
316
144
829
104
229
124
107
871
346
90
342
53
73
165
345
105
302
486
321
628
947
213
21
399
226
715
9
971
726
307
147
2
180
865
937
852
896
921
691
383
488
689
187
450
775
32
476
554
192
402
20
213
680
802
921
530
565
702
846
199
338
21
78
683
740
23
556
591
348
545
62
481
609
200
639
774
224
590
408
555
34
153
255
906
82
91
153
347
80
802
488
559
913
115
386
406
834
670
6
58
155
173
919
693
240
410
562
732
780
188
267
929
994
607
555
172
556
175
719
107
626
271
521
597
503
450
256
546
339
285
748
937
57
868
788
879
95
660
240