313
480
599
672
963
848
56
47
514
437
372
505
156
597
487
961
930
424
828
481
763
955
597
529
260
640
957
250
823
419
365
515
802
639
76
665
109
976
15
101
649
146
105
657
468
324
17
880
317
505
283
48
674
470
303
911
495
420
352
281
951
135
849
267
967
40
551
695
766
705
426
107
950
900
389
46
415
959
43
68
386
636
295
31
867
614
882
228
831
276
648
185
415
355
83
133
142
590
987
413
43
847
207
569
65
1
860
488
495
316
629
398
645
214
967
248
237
219
309
810
710
567
575
292
503
687
782
944
371
199
525
752
19
834
40
182
632
991
522
304
206
555
538
85
12
986
733
781
277
802
704
127
737
506
794
844
598
230
900
804
329
79
603
477
90
300
21
619
441
542
367
492
655
827
476
223
67
215
677
9
20
768
166
857
406
127
57
99
417
280
211
714
87
224
668
956
887
761
782
55
537
754
59
688
14
706
50
540
811
274
64
71
8
34
122
167
896
300
370
369
587
632
932
929
754
29
148
306
944
214
955
645
230
628
290
162
874
669
852
927
469
23
27
826
212
854
430
830
896
682
782
140
271
347
322
204
3
574
174
806
962
236
719
136
455
961
319
762
45
386
448
873
513
553
239
762
323
122
349
786
110
967
928
9
538
411
614
744
445
914
771
577
166
273
886
71
829
34
919
639
181
240
65
463
572
293
864
892
311
127
745
251
920
788
990
161
723
578
883
420
572
668
774
827
185
31
429
264
114
876
102
210
142
243
421
646
626
290
257
452
61
424
461
706
17
575
830
690
61
104
914
560
525
125
646
914
927
283
117
830
611
924
580
270
581
319
486
564
620
612
925
783
876
367
286
682
808
872
455
22
229
968
830
242
123
750
137
38
649
672
698
361
661
395
205
316
427
632
225
901
172
865
445
994
737
706
702
32
43
79
330
787
303
804
12
925
99
347
945
504
479
821
103
31
883
561
498
902
634
168
958
22
930
866
253
74
729
957
236
678
80
797
494
75
963
387
796
439
939
195
803
518
312
43
605
46
22
621
377
516
165
898
451
277
930
893
3
704
637
100
587
883
720
264
577
157
468
690
595
228
168
990
985
232
703
139
269
578
918
729
190
328
274
91
242
453
13
111
456
436
58
347
606
258
555
237
159
39
731
390
898
12
316
194
330
962
91
814
815
46
487
800
581
489
355
937
254
824
67
84
611
677
828
356
713
803
418
19
976
257
454
453
387
22
357
641
479
366
783
99
993
434
95
22
485
741
744
576
931
84
966
842
352
298
283
739
689
347
302
633
135
74
957
235
143
744
442
48
567
171
954
786
828
66
792
650
423
733
822
848
969
718
344
992
452
236
168
75
404
11
990
8
83
634
389
113
220
149
61
588
388
244
793
435
944
135
3
920
511
662
264
391
584
160
730
535
697
650
992
575
401
579
729
644
111
655
270
346
225
911
361
207
329
839
690
827
118
922
76
7
17
416
811
416
51
109
211
421
804
166
987
248
241
182
574
534
461
584
246
582
36
919
577
295
108
703
76
896
651
136
695
432
837
385
229
673
848
689
920
166
815
722
365
95
784
190
593
796
415
728
455
98
972
284
702
417
26
75
98
401
901
557
192
106
406
110
964
667
397
745
389
662
670
941
590
254
984
183
400
176
931
909
558
497
622
605
727
981
817
854
522
562
503
302
683
5
29
975
280
730
126
991
363
936
888
861
912
643
472
634
213
169
350
314
138
445
51
494
484
125
89
511
914
57
606
244
44
266
515
682
580
333
198
395
901
945
899
341
538
529
522
174
161
758
391
631
470
165
727
961
597
874
71
218
805
921
132
807
987
416
661
796
83
622
289
686
602
966
848
160
646
831
917
874
132
968
463
826
175
166
272
145
515
401
247
196
722
936
23
733
672
478
883
682
829
969
369
218
245
912
757
799
37
531
493
672
679
180
889
775
785
634
400
199
899
399
272
668
55
756
736
542
279
499
874
597
56
760
559
60
17
611
41
168
337
222
543
67
841
182
157
999
950
757
612
791
283
748
702
844
103
213
863
179
490
297
711
727
464
836
481
578
830
514
331
124
205
648
495
226
189
780
603
637
97
570
286
24
42
97
38
754
747
774
546
950
516
624
305
937
258
533
932
436
922
542
252
495
649
7
43
842
875
532
357
265
389
352
102
122
497
200
869
74
863
65
861
937
571
162
49
565
315
957
231
192
792
493
32
232
423
492
656
390
333
469
114
849
174
72
644
986
795
675
616
332
214
848
789
236